enusMarketVideoJudgment 0.8068535584311446 0.805709337277234  0.8018580874034185 
enusMarketVideoJudgment 0.8067469419237077 0.8056027207697974 0.8010951622098956 
enusMarketVideoJudgment 0.8065057940184166 0.8053608685020175 0.8004093403602214 


garbage 45675 -744 
normal 20710 -2434 


garbage 45946 -4194 
normal 20970 -757834 

http://www.youtube.com/watch?v=sBkire-c4bk  29941 -> 11071


uYELPhwOoNDVcw	8.47E-22	5.3948E-06	0.00232267	0.048194088	0.21953152	0.468541909	8.47E-22	5.3948E-06	0.00232267	0.048194088	0.21953152	0.468541909	8.47E-22	5.3948E-06	0.00232267	0.048194088	0.21953152	0.468541909	0	3.20E-23	1.12E-11	8.49591E-06	0.00803695	0.252071191	0	0	0	0	0	0	0	1430	16067	0.091678504	3.186329429	6.419952509	12.4986365	28.19465298	58.54240231
																																							
uYELPhwOoNDVcw	2.12E-22	3.8147E-06	0.001953125	0.044194174	0.210224104	0.458502022	2.12E-22	3.8147E-06	0.001953125	0.044194174	0.210224104	0.458502022	2.12E-22	3.8147E-06	0.001953125	0.044194174	0.210224104	0.458502022	0	2.26E-23	9.41E-12	7.79079E-06	0.00769621	0.246669825	0	0	0	0	0	0	0	1434	16075	1.019013376	4.610030212	8.410709978	14.91549694	30.71181893	61.14035716







761.3..2535...81.7.1...7.34..9..6378..32795..57.3..9.219576....8324..76.647.1.25.
end


761 934 825
352 648 197
918 527 634

129 456 378
483 279 516
576 381 942

195 762 483
832 495 761
647 813 259

                {7,6,1,0,3,4,0,2,5},
                {3,5,4,0,0,8,1,0,7},
                {0,1,8,0,0,7,0,3,4},

                {0,2,9,0,0,6,3,7,8},
                {0,8,3,2,7,9,5,0,0},
                {5,7,6,3,0,0,9,0,2},

                {1,9,5,7,6,0,0,0,0},
                {8,3,2,4,0,0,7,6,0},
                {6,4,7,0,1,0,2,5,0}